# This file is auto-generated from camera calibration data.
import numpy as np

K0 = np.array([[939.00659834,   0.        , 610.34435618],
       [  0.        , 938.71208314, 380.19234786],
       [  0.        ,   0.        ,   1.        ]])
d0 = np.array([ 0.02409601, -0.11651624,  0.00295776, -0.00425454])
K1 = np.array([[946.71215549,   0.        , 635.97087467],
       [  0.        , 947.54229082, 378.04191205],
       [  0.        ,   0.        ,   1.        ]])
d1 = np.array([ 0.03397451, -0.09771331,  0.00017749, -0.00423783])
K2 = np.array([[948.77457332,   0.        , 632.33643371],
       [  0.        , 950.22636982, 364.02619265],
       [  0.        ,   0.        ,   1.        ]])
d2 = np.array([ 0.04326954, -0.12884495,  0.00301781,  0.00080879])
R_1_0 = np.array([[-0.0133914 ,  0.99946859,  0.02971885],
       [ 0.0304311 ,  0.03011512, -0.99908309],
       [-0.99944716, -0.01247474, -0.03081821]])
T_1_0 = np.array([[-0.0107076 ],
       [ 0.14082601],
       [ 0.13979356]])
R_0_w = np.array([[ 0.02125371,  0.99865781, -0.04723202],
       [-0.99973489,  0.02164761,  0.00784379],
       [ 0.00885572,  0.04705279,  0.99885315]])
T_0_w = np.array([[-0.00252137],
       [-0.00207384],
       [ 0.15525986]])
R_1_w = np.array([[-0.99922506,  0.00966103,  0.0381569 ],
       [-0.03830797, -0.01596747, -0.9991384 ],
       [-0.00904344, -0.99982584,  0.0163252 ]])
T_1_w = np.array([[-0.00813243],
       [-0.01443068],
       [ 0.13755457]])
R_2_1 = np.array([[-0.02680169,  0.04737187, -0.99851769],
       [ 0.02715598,  0.99854238,  0.04664413],
       [ 0.99927185, -0.02586558, -0.02804905]])
T_2_1 = np.array([[0.13355559],
       [0.00672306],
       [0.16317674]])
R_2_w = np.array([[ 0.03399623,  0.99732844, -0.06465472],
       [-0.06580889, -0.06231785, -0.99588437],
       [-0.99725295,  0.03811117,  0.0635145 ]])
T_2_w = np.array([[-0.00426073],
       [-0.00149132],
       [ 0.15156521]])
