# This file is auto-generated from camera calibration data.
import numpy as np

K0 = np.array([[939.00659834,   0.        , 610.34435618],
       [  0.        , 938.71208314, 380.19234786],
       [  0.        ,   0.        ,   1.        ]])
d0 = np.array([ 0.02409601, -0.11651624,  0.00295776, -0.00425454])
K1 = np.array([[946.71215549,   0.        , 635.97087467],
       [  0.        , 947.54229082, 378.04191205],
       [  0.        ,   0.        ,   1.        ]])
d1 = np.array([ 0.03397451, -0.09771331,  0.00017749, -0.00423783])
K2 = np.array([[948.77457332,   0.        , 632.33643371],
       [  0.        , 950.22636982, 364.02619265],
       [  0.        ,   0.        ,   1.        ]])
d2 = np.array([ 0.04326954, -0.12884495,  0.00301781,  0.00080879])
R_1_0 = np.array([[-0.0133914 ,  0.99946859,  0.02971885],
       [ 0.0304311 ,  0.03011512, -0.99908309],
       [-0.99944716, -0.01247474, -0.03081821]])
T_1_0 = np.array([[-0.0107076 ],
       [ 0.14082601],
       [ 0.13979356]])
R_0_w = np.array([[ 0.99896456, -0.02141983,  0.04013734],
       [ 0.02577688,  0.99344265, -0.11138789],
       [-0.03748823,  0.11230717,  0.99296613]])
T_0_w = np.array([[-0.09748731],
       [-0.05895756],
       [ 0.16720508]])
R_1_w = np.array([[ 0.01127154,  0.9965392 , -0.08235638],
       [ 0.06862972, -0.08293838, -0.99418871],
       [-0.99757853,  0.00555394, -0.06932705]])
T_1_w = np.array([[-0.0633592 ],
       [-0.03096792],
       [ 0.2328095 ]])
R_2_1 = np.array([[-0.02680169,  0.04737187, -0.99851769],
       [ 0.02715598,  0.99854238,  0.04664413],
       [ 0.99927185, -0.02586558, -0.02804905]])
T_2_1 = np.array([[0.13355559],
       [0.00672306],
       [0.16317674]])
R_2_w = np.array([[ 0.99904883, -0.03618359,  0.024335  ],
       [ 0.02230459, -0.05549643, -0.99820972],
       [ 0.03746931,  0.99780303, -0.05463658]])
T_2_w = np.array([[-0.09867769],
       [-0.01506111],
       [ 0.09413459]])
