# Camera Calibration Data
# Generated automatically - do not edit manually

import numpy as np

# Camera intrinsic matrices (K[cam_num])
K = [
    # Camera 0
    np.array([
        [939.00659834, 0.0, 610.34435618],
        [0.0, 938.71208314, 380.19234786],
        [0.0, 0.0, 1.0],
    ]),
    # Camera 1
    np.array([
        [946.71215549, 0.0, 635.97087467],
        [0.0, 947.54229082, 378.04191205],
        [0.0, 0.0, 1.0],
    ]),
    # Camera 2
    np.array([
        [948.77457332, 0.0, 632.33643371],
        [0.0, 950.22636982, 364.02619265],
        [0.0, 0.0, 1.0],
    ]),
]

# Camera distortion coefficients (d[cam_num])
d = [
    # Camera 0
    np.array([0.02409601, -0.11651624, 0.00295776, -0.00425454]),
    # Camera 1
    np.array([0.03397451, -0.09771331, 0.00017749, -0.00423783]),
    # Camera 2
    np.array([0.04326954, -0.12884495, 0.00301781, 0.00080879]),
]

# Camera rotation matrices (R[cam_num]) - world to camera
R = [
    # Camera 0
    np.array([
        [0.02125371, 0.998974157314486, 0.039986475277136405],
        [-0.99973489, 0.020881602964951198, 0.009700655539206685],
        [0.00885572, -0.04018204825566371, 0.9991531330630385],
    ]),
    # Camera 1
    np.array([
        [-0.99922506, 0.006298673903657177, 0.03885371572097433],
        [-0.03830797, 0.07117394040376777, -0.9967280334475206],
        [-0.00904344, -0.9974440357546299, -0.07087748601821386],
    ]),
    # Camera 2
    np.array([
        [0.03399623, 0.9991683343278535, 0.022514211680956887],
        [-0.06580889, 0.024716330191656935, -0.9975260878096254],
        [-0.99725295, 0.032430492069327056, 0.06659441548028044],
    ]),
]

# Camera translation vectors (T[cam_num]) - world to camera
T = [
    # Camera 0
    np.array([0.0001509196330946993, 0.0023252577432768995, 0.1590591492819332]),
    # Camera 1
    np.array([-0.0036585451381015996, -0.0180126855819217, 0.1347117928351416]),
    # Camera 2
    np.array([-0.0017117606725730997, -0.0050792105182802996, 0.1562082250162445]),
]

# Individual camera matrices for backward compatibility
K0 = K[0]
d0 = d[0]
R_0_w = R[0]
T_0_w = T[0]
K1 = K[1]
d1 = d[1]
R_1_w = R[1]
T_1_w = T[1]
K2 = K[2]
d2 = d[2]
R_2_w = R[2]
T_2_w = T[2]

# Number of cameras
num_cameras = 3
