# This file is auto-generated from camera calibration data.
import numpy as np

K0 = np.array([[629.50286944,   0.        , 307.21941529],
       [  0.        , 630.77155779, 250.59295032],
       [  0.        ,   0.        ,   1.        ]])
d0 = np.array([[ 0.04407754, -0.22429575,  0.0019772 , -0.00066866,  0.27772658]])
K1 = np.array([[628.15457667,   0.        , 329.23702858],
       [  0.        , 628.19553377, 250.98111884],
       [  0.        ,   0.        ,   1.        ]])
d1 = np.array([[ 6.07564986e-02, -4.29668258e-01,  1.70994067e-04,
         1.88603945e-03,  7.75800428e-01]])
R_1_0 = np.array([[ 0.00441847,  0.02945237, -0.99954709],
       [-0.05544742,  0.99801003,  0.0291781 ],
       [ 0.9984277 ,  0.05528752,  0.0060255 ]])
T_1_0 = np.array([[0.17086164],
       [0.00920667],
       [0.22905064]])
R_0_w = np.array([[ 0.99988566,  0.01356652, -0.00667953],
       [ 0.00570491,  0.07064949,  0.99748489],
       [ 0.01400431, -0.99740894,  0.07056402]])
T_0_w = np.array([[ 0.00282651],
       [-0.03952411],
       [ 0.18940818]])
R_1_w = np.array([[-0.00941198,  0.99909794, -0.04118328],
       [-0.0493389 ,  0.04065417,  0.99792921],
       [ 0.99871333,  0.01144134,  0.04890463]])
T_1_w = np.array([[-0.01961234],
       [-0.02486894],
       [ 0.2308288 ]])
