import numpy as np

camera_calib_data = {
    'cam0': {
        'intrinsics': {'K': np.array([[939.1156152535322, 0.0, 594.1507526316635], [0.0, 925.0841427160049, 364.8621952601346], [0.0, 0.0, 1.0]]), 'd': np.array([[-0.004428915520926315, -0.1221276761521591, -0.0015934228267534072, -0.01280539903742679]])},
        'extrinsics': {'R': np.array([[0.9984253579505464, -0.01121166219182773, 0.054964563422440736], [0.012300883679079779, 0.9997338190550289, -0.019518691000180565], [-0.05473109593308833, 0.02016406874971224, 0.9982975094977549]]), 'T': np.array([[-0.043704771452230076], [-0.04019485791302259], [0.12231915069125425]])},
    },
    'cam1': {
        'intrinsics': {'K': np.array([[923.7797348950892, 0.0, 560.3466780745779], [0.0, 918.1891163799038, 423.4788956049561], [0.0, 0.0, 1.0]]), 'd': np.array([[-0.0992395514008112, -0.12514863693851858, 0.01692554621150721, -0.03889928308729319]])},
        'extrinsics': {'R': np.array([[0.9957826629580906, 0.08661614486981618, 0.030241223519866547], [0.038108486978741266, -0.09066622005232215, -0.9951519380283639], [-0.08345436700543966, 0.9921074941705201, -0.093584660272966]]), 'T': np.array([[-0.04336298284168319], [-0.0242202006738102], [0.09086281551386455]])},
    },
    'cam2': {
        'intrinsics': {'K': np.array([[931.8167921854288, 0.0, 638.1833573297666], [0.0, 943.1924443295698, 313.6456647582934], [0.0, 0.0, 1.0]]), 'd': np.array([[-0.05044492287015627, -0.0497694128286701, -0.015530223372097982, 0.012148550050401169]])},
        'extrinsics': {'R': np.array([[0.014093401318615629, 0.9993754933241271, -0.03240369396253723], [-0.028983213981859515, -0.031984997545972796, -0.999068032337765], [-0.9994805397537974, 0.015019429920254722, 0.028514336364649426]]), 'T': np.array([[-0.03881208092023909], [-0.0008756177982799356], [0.18219254243043492]])},
    },
    'stereo_extrinsics': {'R_1_0': np.array([[0.9949057463963711, 0.09825182691186508, -0.022564004430827712], [-0.015633093028584774, -0.07074925519007397, -0.9973716204566897], [-0.09958997032750397, 0.9926435016653886, -0.06885286059152645]]), 'T_1_0': np.array([[0.006828373501670433], [0.09425045184628912], [0.13483144655971097]])}
}
